1.394892503777281284e+09
3.486316535139530897e+08
1.196201002244505137e+08
4.414266103824385256e+07
1.402267005222912133e+07
2.541449274982398842e+06
-1.930319568568319082e+06
5.359104399769594893e+05
-1.447718430965761654e+06
-3.155374976532483473e+06
3.635999362252801191e+06
-4.062780438609921839e+06
-2.460092415344638750e+06
-2.430395204239359591e+06
5.339580676177927293e+06
7.575577690112019191e+05
-3.524881928683524951e+06
-6.976329438986240886e+06
-3.317746981928963214e+06
-7.694662893567915307e+04
-3.272541496934399474e+06
2.591949165690883063e+06
-3.112249913507842459e+06
-5.401754793410562910e+06
-1.726536973025281448e+06
1.744445439999988885e+05
-1.491493848350718152e+06
-1.575575652925440343e+06
-6.223707148124163970e+06
3.372856390451201587e+05
-2.878888745369599666e+06
-4.919944486584323458e+06
-2.135541785559039563e+06
2.729528416010234505e+06
-6.037760290324483067e+06
-6.843224031232023844e+05
7.276609719500835054e+05
-2.933576482160641346e+06
3.216878648688642308e+06
-1.693390456750074867e+06
3.865886864179188851e+06
3.486334299668479245e+06
2.219099859189758077e+06
1.295162188759041484e+06
2.064070549176315777e+06
4.211780878336012247e+05
4.866290535628780490e+05
5.770341292441624682e+05
-6.224656987586566247e+06
-2.756285004513280466e+06
-3.281527832576000132e+06
1.029848464097277960e+06
-5.662524443197445944e+06
-1.797206871900158469e+06
-2.017662127308820782e+05
-3.162721032601595856e+06
-1.368204729516029730e+07
-4.019509437399053946e+06
2.119666132582391147e+05
-5.749315710484475829e+06
-4.006494221107203513e+06
-9.774657516339189606e+05
3.189502624399352353e+06
-2.635456463503360748e+06
1.265189042257923167e+06
2.264258720563198905e+06
-1.270680932843518676e+06
-7.045541615370242856e+06
-2.090475510824965546e+06
-4.519196680519678630e+06
1.801325123993596062e+06
-1.866425363333123038e+06
-3.876875530403845478e+06
-4.625619285442561843e+06
1.057648674078718061e+06
-3.684151033856002614e+06
-4.387794650398725644e+06
-1.507671280189440120e+06
-2.692622552924161777e+06
-6.836653069434888661e+06
-4.030034418073608074e+06
-4.740913241784323938e+06
-3.298525422551039606e+06
-9.400255551897597034e+05
-5.171368545484788483e+05
-4.794874475315210409e+06
-1.075980941393919056e+06
-4.327855668592640199e+06
-4.927999525519367307e+06
-2.925889734574082773e+06
-2.774146763980803546e+06
-1.296759116267524892e+06
-7.966872459018244408e+06
-6.339366738984962925e+06
-5.057746723143683746e+06
-6.037819549286408350e+06
-2.579139324805117678e+06
-3.537754681507837493e+06
-5.692629022146571428e+06
-2.391308565217282623e+06
-6.716725035008005798e+06
-2.638219576606723480e+06
-2.904066525757437572e+06
3.182999466147838626e+06
-3.064745268346873112e+06
-6.999211055513587780e+06
-1.017475043295230158e+07
-5.891967034327049740e+06
-1.342735526133762440e+06
-1.241454816788482247e+06
-3.604805858099199366e+06
-6.956399999057920650e+06
-2.651295989104643464e+06
-9.077724020736035891e+04
-1.030214371246078634e+06
3.629680571187200025e+06
-4.048011022827534471e+06
1.287326443765757373e+06
-2.306557303848959971e+06
-4.906085114183687605e+06
-4.588449818214390427e+06
-7.805728877445137128e+06
-4.017792184483836871e+06
-2.638208497090565041e+06
-4.455900478177282028e+06
-5.768212054016013630e+06
-2.641559684382718988e+06
-5.943605824061442167e+06
-2.279375376220161095e+06
-2.805392774266881403e+06
-2.053436250521603273e+06
-2.767071551160322502e+06
-3.551223587799046189e+06
-2.529186523381760810e+06
-5.913938734612469561e+06
3.672353557708810549e+06
-1.032017229905922431e+06
-4.011621301616641693e+06
1.030479789424643153e+06
2.933430990929915104e+06
-5.793662454988807440e+06
-5.369314554675177205e+05
-1.291394635530235246e+06
2.329944811110412993e+05
-1.537182654791676207e+06
6.162574278655992821e+05
-6.581556308869126253e+06
-4.058299166883843020e+06
4.906664167997434735e+06
-1.063775763169283047e+06
-4.068177346560006496e+06
-8.891658634526718408e+06
-2.493633137213442009e+06
-2.836618940252162050e+06
-6.831338230906873941e+06
-6.529441012121594511e+06
-5.981162839736323804e+06
-3.692937814999043476e+06
-8.439035341045759618e+06
-1.478468447764480487e+06
-3.164544971571197733e+06
-2.351474456657923758e+06
-3.674900708720639348e+06
7.860009304064017488e+04
1.027962386513921549e+06
3.897347257139194757e+06
-1.212761256755203940e+05
-2.448689682186234277e+06
-1.883503254568959586e+06
1.352984010424324777e+06
4.487050598809598945e+06
1.226381497466874775e+06
-1.700696748195838649e+06
1.344729680445441976e+06
-2.894093974241281860e+06
-4.896816791552003473e+06
-1.283159819550711662e+06
-1.590606170685442863e+06
-3.998269050716161728e+06
-5.767548277882874012e+06
-1.064663584604158998e+07
-1.893960195768320933e+06
-5.152084665303047746e+06
-4.067856034037757199e+06
-5.089252265164821292e+05
-5.491971044147188775e+06
-5.024504625233924948e+06
-6.137210879344642162e+06
-9.822054160793605261e+05
-1.373179332526081242e+06
-1.177448303820800735e+06
-1.640731562475519255e+06
2.886427388149760664e+06
-3.840944954408951104e+06
-7.138882871623672545e+06
1.250293881241598632e+06
-1.977388592005126411e+06
-1.385082548387838295e+06
-9.694299068825631402e+05
-1.573201869537282735e+06
6.164197539839997189e+05
-2.057596437790720956e+06
-1.977758026301443810e+06
-3.183114260316167492e+06
-2.040487646330881864e+06
-1.841391271936013945e+05
-1.198265966264321469e+06
-4.172931376087043434e+06
-7.703008913653755561e+06
-8.535245172244491056e+06
-3.065911259955199901e+06
-4.282281703505922109e+06
2.943056233103353065e+06
5.989202264063971234e+04
-1.330656757678080350e+06
2.265964786483197939e+06
1.893201063444479834e+06
-6.813352814182419097e+05
-5.328660961689651012e+05
-1.868918841671685688e+06
-6.452559242854412645e+06
-1.924980028211207245e+05
-5.007435395235843025e+06
-6.002345768386559561e+06
-9.114192804577291012e+06
-4.499094142976005562e+06
-1.283967139971071668e+07
-3.807202871869441587e+06
-2.248220479324164335e+06
2.117196049285120331e+06
1.579869405183991767e+05
4.425777996103676967e+06
6.284882205736953765e+06
1.773359552266240586e+06
-2.576443223572479561e+06
-2.390242865971195512e+06
1.232421144494080218e+06
-2.342924598640637938e+06
-2.557704389263360761e+06
-5.462622554030070081e+06
-7.449771461836805567e+06
-5.525218349547528662e+06
-2.949631072010233998e+06
-2.849137679400953930e+06
3.372880731832318008e+06
7.722822270975998836e+05
3.950071911546874791e+06
-2.707419426979841664e+06
-3.148717815234558191e+06
-4.281861405409283005e+06
-3.307970887679981533e+05
-2.796037145886722952e+06
-2.787224226365441456e+06
-2.721059868508161046e+06
-3.533527553146886174e+06
-7.920047790489613079e+06
-4.276603002552318387e+06
-3.665153237975043245e+06
3.449702438666238450e+06
3.105344705003518611e+06
-1.893374374707199866e+06
-2.050918529105916852e+06
1.682598281871357467e+06
2.864101801328646019e+06
-1.514881107886082493e+06
1.916092547072006564e+05
-3.065027908075523563e+06
-2.354703324938242324e+06
-4.497001339944960549e+06
-1.166636081479679560e+06
1.938168060313605005e+06
-9.383977562931221910e+05
3.570894409564161208e+06
-1.922237429186563939e+06
-1.579864652513281209e+06
-6.797657702400000999e+05
-8.042691167518715374e+06
-4.364831293439223373e+03
-5.488379861401625676e+05
5.058135929651194019e+05
8.079525740543995053e+05
1.808342016327678692e+06
1.258353318952962290e+06
1.112825648906239774e+06
4.123959742955517955e+06
2.840418766028800514e+06
-1.226776492113922024e+06
4.170016856473564403e+05
-3.043644654223356862e+06
2.651822864465918858e+06
-9.107645595648031449e+05
-3.318584201707514469e+06
-3.033688037130245008e+06
-1.482461502504963428e+06
-3.852626026823686436e+06
-6.644652238438396715e+06
-5.919759330181113444e+06
-9.332747101798413787e+05
-9.672589285785595421e+05
1.186808300830720225e+06
-5.753102630912001245e+06
-9.253429347614718601e+06
-4.132468066877437755e+06
-3.040550653788148891e+06
9.689729545011161827e+05
-1.021253786009598291e+06
-9.920349221683198120e+05
-1.226794804183039814e+06
2.751844308746233117e+06
-3.417186610708480701e+06
-3.804149199667203240e+06
-4.652065568849922158e+06
-2.863398993264644872e+06
-8.221696869007365778e+06
-8.036116678574084304e+06
-4.846861143244802020e+06
3.526007966924775974e+05
-4.671244556042244658e+06
-2.540028877864966169e+06
-5.656846983495672233e+06
2.591236489215970214e+05
2.905053566074877046e+06
3.471271137116157915e+06
-1.267369211330564227e+06
-3.942903282401283272e+06
-3.374717337599996477e+06
-3.672994088222723454e+06
-2.902319499837441836e+06
-6.155879812956161797e+06
-5.997646367948821280e+05
-4.151997569433601573e+06
-2.890537410232319497e+06
-1.273938420695042703e+06
1.865519552266234532e+06
-2.668741897748489399e+06
-7.954210291712000035e+05
-5.542647085137927905e+06
-2.520052579696643166e+06
-3.940280156815364957e+06
-2.771200591790081467e+06
-1.851315847168027831e+05
7.041236454604720930e+05
1.937413220597758656e+06
-2.939397642649643240e+05
-3.589860614471678622e+06
-3.236517504614396952e+06
1.658237799628757057e+05
-2.159081746595845558e+06
2.244276783677431755e+06
3.331920692510713357e+06
2.811025424383996986e+06
-5.207929336627236917e+05
-1.933252168253445299e+06
-4.446609608540175483e+06
-1.198181160058886511e+06
-1.951234234777609585e+06
-5.438891531960317865e+06
-7.282523055063035339e+06
-3.931577297141760588e+06
-2.647381192212482449e+06
-6.575204315955203958e+06
-3.772515629137921147e+06
-3.337453387120646425e+06
-9.127135320473636966e+05
-4.785304848302088678e+06
-1.917121875148802996e+06
-3.808964247552275629e+04
4.706774165749757551e+06
2.716092146647037938e+06
1.712624574136317475e+06
4.413393869209594093e+06
5.226184840314868838e+06
-6.273363109478425467e+05
-1.342656574914565776e+06
1.810916836638717679e+06
1.534256807935995050e+06
2.316002905292789510e+05
-4.981326514749445021e+06
-9.889144215961652808e+05
-3.274130494586887304e+06
2.033017218662402593e+06
-3.418832477880321443e+06
-2.468132594647043850e+06
1.667487258378234692e+06
-2.087128870420482708e+06
2.177950698700796347e+06
-9.004589527859216323e+05
-2.898664537456645630e+06
-2.245213045391360763e+06
-3.561077655470082536e+06
-7.435988749516814947e+06
-4.432619393515512347e+06
-2.861074339594240766e+06
-6.149130771496951580e+06
-6.620315771207676269e+06
-7.000141227622402832e+06
5.528014553087428794e+04
-3.763961852067842148e+06
-2.612328363458562642e+06
-2.081192573665282456e+06
-4.551318241280041402e+05
-3.512070976307183737e+05
-9.978912138854429359e+05
-1.619994873692162801e+06
-2.816997528698884416e+06
-9.664420904960494954e+04
2.906843630796764046e+05
-4.421529838551041670e+06
-2.732257876377622015e+05
-8.085683187220473774e+06
-3.801423098675208632e+06
-2.133872982097923290e+06
-2.820876287344640121e+06
-2.152016691855359357e+06
-8.167691929518071935e+06
-5.126070750412813388e+06
-5.497989124587523751e+06
-2.873743070986246690e+06
-4.190933146664958447e+06
-2.643524673863685224e+06
-2.490236036710402463e+06
-2.851022302085122094e+06
-1.892239667363845510e+06
1.706194635325437179e+06
-2.246420757217278704e+06
9.769856532479977468e+05
1.502368725729277125e+06
4.050934143385582138e+05
3.216613008998374571e+05
3.336235201331183780e+05
-2.287111379353602882e+06
-3.825895775928318966e+06
-6.338257315430416493e+05
-2.188747221237761900e+06
-8.989566029004791053e+05
-2.049553085235200357e+06
-7.164365189939222764e+05
-1.742448409968645545e+06
8.466259902463784965e+04
-5.548545985740810866e+05
1.376496988979200833e+06
5.345084165324784117e+05
1.823858600181761198e+06
-7.103804169256962836e+06
2.279518450483204215e+05
-1.596316411494400119e+06
-2.593415392133120913e+06
-6.882885592678423272e+05
-9.287953914265623316e+05
3.869812011827179231e+05
2.087376322560010303e+05
-3.861256144158719108e+06
-6.873421351485433057e+06
-4.444990082908172160e+06
-4.189877867642880883e+06
-7.085656414617614821e+06
-1.534494056120322086e+06
-1.582194533335041488e+06
-3.625547409653765615e+06
-2.729900584468486719e+06
-4.097872999219200574e+06
-1.231108782161920331e+06
-2.043008499056642642e+06
9.577902401126383338e+05
-3.273115191214078106e+06
-6.150534791168061784e+05
1.206357314764758921e+05
9.767045798297584988e+05
-1.538900778024963336e+06
-4.113506885959680192e+06
2.583851833753597923e+06
4.065256131788794883e+05
-2.956174880931844935e+06
-1.644136560066561215e+06
-3.925786786529283971e+06
2.451228033023999538e+06
8.279031467212792486e+05
-7.193891661414427217e+05
-1.796260400988160167e+06
-3.553677055098875426e+06
-3.150500207001599018e+06
5.485680970956801903e+05
3.355006327848963439e+06
-1.188176832757760072e+06
-5.789989645844474435e+06
-1.278851612672021438e+05
-3.368469149777924642e+06
9.937303804313588189e+05
1.838300740976639558e+06
9.880132793139170390e+05
-3.637828570316794328e+06
-3.094856815083526541e+06
-2.640062240522239357e+06
-1.208764423208958004e+06
-2.465598917836777400e+05
1.165673168896008283e+05
-1.151223345971189265e+05
3.144747388764155097e+06
-2.322799392194558866e+06
-1.947505982177280821e+06
3.509118566399990814e+05
-2.337730528542713262e+06
-3.212995070525437128e+06
-3.907997339484156575e+06
4.648377215877128765e+06
1.878166988390401239e+06
-1.547833482936318265e+06
-1.079934231511038495e+06
-2.857197054197761230e+06
-1.080672431636478519e+06
-3.048106308403196745e+06
2.394462209966079332e+06
-6.728917476966388058e+05
-2.106696811151356436e+06
1.178991999057920184e+06
3.883145802547198255e+06
1.033778671124480665e+06
-3.397968221962244716e+06
-2.233819856895756675e+04
-4.896506175815677270e+06
-1.577120687718400499e+06
-2.291250719621116761e+06
-1.400439533731838921e+06
-2.016445232578553492e+06
-2.491797961441286374e+06
7.775983042560005561e+05
-2.013824124190724688e+06
1.699087185346561484e+06
1.180541186211842578e+06
-4.244544459898879752e+06
-3.971037272473590448e+06
-4.527479927603169926e+05
-4.229534606950368034e+05
4.046694045450243633e+06
6.050594698035204783e+05
-4.853599351603200659e+06
-1.920188135505920975e+06
-2.139864382832636125e+06
-9.517094836633598898e+05
-3.716008560558079742e+06
2.228670280499206856e+06
4.531500297748477198e+06
1.086370162933764746e+06
1.023040070615040371e+06
-6.216744225996802561e+05
2.265918078975996468e+05
-1.046711987077116384e+06
1.746806116188165033e+06
-4.984368887234563939e+06
1.239405233438722091e+06
-4.599388798976000398e+06
-2.457969263902718201e+06
-2.839132703293440398e+06
-7.780315994521577377e+05
-1.479615550586878788e+06
-4.710671712255974999e+05
-2.530920963768318761e+06
1.418980842536960961e+06
-2.060707014901756076e+06
-2.368567455252475105e+06
-1.407906427699198015e+06
-1.981635672145921737e+06
-2.044517989744636696e+06
-1.816501764751358656e+06
-3.209810167726079468e+06
8.596801585151999025e+05
3.497963801804820541e+05
2.142002358517759480e+06
-3.775830875176963396e+06
-6.407935347916807514e+05
-2.327902283366401214e+06
3.620555265146885067e+06
2.388667963801615115e+05
8.358294349414419848e+05
-1.126799604449275415e+06
6.191095480320024071e+05
-9.889945695027180482e+05
-3.853670180454374058e+05
1.571727566438416252e+05
-3.502323846348780207e+05
1.405941605990403332e+06
4.198889251143675297e+06
-3.911978280550377094e+05
2.153058752266247757e+06
2.134434533867523540e+06
2.296749247692803852e+06
1.548521850798083935e+06
-2.760530410864635371e+06
-4.511833375375358388e+06
-1.877455816622076323e+06
-3.330074660044805612e+06
-3.120515371499517001e+06
-4.600442083082235418e+06
-7.810769616895672516e+04
1.527004438200323377e+06
-4.467955885670382529e+06
6.452150979788834229e+05
1.784275930972163100e+06
7.511304791654434521e+05
-1.167492709089277312e+06
8.856037294080042047e+05
3.439981918945285957e+06
2.766320268738563638e+06
1.121434333347841632e+06
1.268840655749123078e+06
-1.622169459097599378e+06
-1.247970467512317002e+06
-2.225896203223038930e+06
-2.361458043125756551e+06
-7.458400292044787202e+05
-5.653683372031974141e+05
-2.571831687249912415e+06
-6.016616873328627087e+06
-1.912137925263353856e+06
-1.897552725934078917e+06
2.235819425792031107e+05
2.212350471700479276e+06
2.486314182901763357e+06
-4.597550520729538985e+05
-3.154428808396767708e+05
8.835956146176017355e+05
-1.049346272133117309e+06
-1.618944553123832215e+06
1.473854868029442383e+06
4.384712307507221121e+05
-2.919918534655994736e+06
-1.994484483358716127e+06
-2.310115518054357963e+05
-4.988125577215803787e+04
-5.411158150348768104e+05
-9.177377079295965377e+05
-9.912956485631557007e+04
-2.282114065367035568e+06
-6.016987404697558377e+05
1.698492043755523162e+06
-1.156419531571197091e+06
1.893150705582083203e+06
-2.325061090672639664e+06
3.625928124006434809e+05
-2.768502769582075533e+06
-3.240123714764797129e+06
9.381026974924799288e+05
-6.970023175782365724e+05
-8.911117916569585213e+05
6.178818372403234243e+05
7.100630040576023748e+05
-1.486158326661116909e+06
7.237375138201628579e+05
2.405290281533442903e+06
-1.321435450572748668e+05
-6.690644951039985754e+05
6.595644607692828868e+05
3.258144496025613043e+05
-3.866725388124153949e+06
-2.742871706828792812e+05
-7.595741741055971943e+05
4.047277837516826112e+05
-2.482871018455037847e+06
-2.797623683317754418e+06
4.482436838195214514e+05
-1.186308830003198469e+06
-2.527271630929915700e+06
-4.182416833904650528e+06
-2.162078030233589816e+05
2.191052814417921938e+06
1.484039238451202866e+06
-3.955589329715168569e+05
-4.228306654986239038e+06
1.082686677975042723e+06
-1.374579548487677006e+06
-3.779596445286400151e+06
1.170663806074882858e+06
4.159734782361612306e+05
-2.646729618882560637e+06
2.536860681502717547e+06
1.526928506879999535e+06
4.466219076812848216e+05
-1.234665507389436243e+06
-3.163236863836161327e+06
-6.003012127948792186e+05
-9.865254076415994205e+05
-7.195613672243170440e+05
-4.443423056855036877e+06
-3.452369938677751459e+06
8.373186605875213863e+05
-1.302383047475196887e+06
-2.507807832145917695e+06
1.351523910287360894e+06
1.500560178544642869e+06
8.372992212992234272e+04
1.159491760947201401e+06
-8.933795640115200076e+05
-1.579717875466240337e+06
-2.370936298536957242e+06
2.448085234483211825e+05
-3.367545988710399251e+06
-2.828427193221115042e+06
-2.933138976931842044e+06
-2.008977339842559304e+06
-2.002019515105274506e+06
-1.702863863807996968e+06
-2.480932619550717063e+06
-2.109362670141441748e+06
-1.108123848540157313e+06
1.948292803461125353e+06
-1.962060880281602265e+06
3.771851001036816160e+05
-8.409596821503863612e+04
-1.185160505589760840e+06
-2.248880533012477215e+06
-3.050183439155198168e+06
-3.119390767185918521e+06
-2.091479088496637996e+06
1.407617547632641625e+06
-1.706009970606077462e+06
-1.268457196748794988e+06
1.427888418324482627e+06
2.293767088373765815e+06
1.203030074327042326e+06
1.536925408952317433e+06
2.088098339225601172e+06
2.939536723148808815e+05
2.066273603420160478e+06
-5.053427194265577709e+05
-2.579532479201279581e+06
5.826728755199995358e+05
-1.677603538206718629e+06
-1.420296489533439046e+06
-7.543878162841581507e+05
-1.804832984268777655e+05
-3.169902107033595908e+06
-2.662469869240322150e+06
1.413463972249616636e+05
-1.331272001781759784e+06
-3.361056730644474272e+06
1.080721722572800471e+06
-3.661017068339178804e+05
5.521719951362916618e+03
5.109886314086408820e+05
-1.625447976140786486e+05
-2.799973040127993445e+05
-1.028461023723519291e+06
-1.823395141386239091e+06
-5.317079767449600622e+05
-1.265745060167677235e+06
1.240224143769599963e+06
6.210900184268796584e+05
1.093062397788161179e+06
1.119921539645435987e+06
5.941573071667207405e+05
6.954544660480016610e+05
-3.789160449310714845e+06
2.224019928514557425e+06
-5.390847574015881401e+04
-2.735199622266874649e+06
-2.415287441817595158e+06
-3.401881722552318592e+06
-3.620446479319044389e+06
-4.101568702709757723e+06
-2.236440817172483541e+06
-2.366196088832001260e+05
-1.240417220689919079e+06
-1.392168025456638774e+06
-3.922380560793591430e+05
-8.276229672140800394e+05
-4.900916972748789005e+06
-1.453579719147518277e+06
1.256188193013761425e+06
-3.509204540456957184e+06
-1.487210602823680267e+06
-1.653323163238397567e+06
-3.460214240051198285e+05
1.970018848604162689e+06
-1.063876326850560261e+06
-1.426943671009278391e+06
-9.712790077440004097e+05
-3.401513338142722379e+06
-2.852402233343990520e+04
-4.661490194841588382e+05
-1.969142731898878468e+06
-1.618594758655993501e+05
5.648166669516797410e+05
1.176919825448961230e+06
-1.220913965301760472e+06
-1.276836294164480176e+06
4.178150227968012914e+05
-3.167393690419188933e+05
-1.496770133360639215e+06
3.131097464176643640e+06
7.169909207859218586e+05
9.605495652351989411e+05
1.689484373524483526e+06
-6.216536450662409188e+05
-6.268610386329588946e+05
-3.307826864455673378e+06
-1.142212519526399672e+06
-2.979145280389118474e+06
1.245150615961627627e+05
6.226688435814436525e+05
1.968314790707225911e+05
-3.041760968703994993e+06
7.537711828172825044e+05
3.044839561625626520e+05
1.330784661667843582e+06
4.387330732851208304e+05
2.123700240384002391e+05
-2.111557607096322812e+06
-1.590680036311038071e+06
-1.930301708697587019e+05
-2.050863476244477555e+06
2.121836331008017296e+05
1.340983461806081468e+06
2.699260893593587680e+05
-2.175869753753611585e+05
-5.721563974860801827e+05
2.441088709427200258e+06
1.556942859796480509e+06
-1.502410364682241110e+06
-6.733953014169606613e+05
-1.952217882951680571e+06
-7.085260406783990329e+05
-2.839325848371190950e+05
-2.307703400038403925e+05
4.843244119654415990e+05
-5.363174591692785034e+05
-3.298607431680001901e+05
-9.879650644787193742e+05
-2.582427503165441100e+06
-9.072932985241586575e+05
-8.428497521868791664e+05
-1.711635077529598493e+06
-1.916021481144319056e+06
-2.309737096151040401e+06
-1.128200972533758497e+06
-1.534901825044478523e+06
-1.416270295859199483e+06
-7.514509292339201784e+05
-2.029837499760637525e+06
-3.746191939993594424e+05
-4.716211260620795656e+05
-1.013773631488011160e+05
1.674894913044481073e+06
-2.169556817674232647e+06
-1.156389837209593388e+05
6.769070650163211394e+05
9.525718614016019274e+05
1.920036312186883064e+06
-5.464817624678391730e+05
-2.097609415065589128e+05
1.076542518067221827e+05
1.482371235840000911e+06
-1.469257483550713630e+06
1.871968761282561114e+06
4.516879361638418632e+05
-3.789229785088017525e+04
1.285808973414400825e+06
1.416496800071681850e+06
4.022774241689608898e+05
-5.359469631897587096e+05
-1.039620255252479925e+06
-1.089533837311999669e+05
2.705735863500806736e+05
-3.763171321446401998e+05
-7.576202510336028354e+04
-8.496537128140793648e+05
1.429295051571200602e+06
-4.955161441075196490e+05
-1.938028193382390891e+05
2.810927621079038363e+06
-1.205033951559679117e+06
-1.050423721983999712e+05
-1.439653784453117987e+06
-3.400179344998396700e+05
8.447071053414420458e+05
-1.151730842337278649e+06
1.278798135295998538e+06
3.496755514572803513e+05
-4.354312136294397642e+05
-6.142772222361600725e+05
-7.253065452748786192e+05
-1.248154884505598107e+06
6.089046674636796815e+05
6.170215291289611487e+05
1.452781557514240500e+06
1.298889200107521843e+06
6.616317820928017609e+05
-2.048619067473920761e+06
-1.153654406512637390e+06
2.268886623846409202e+05
-1.367919676620780374e+05
1.443804099379202584e+06
6.764840340684807161e+05
2.754314119413762353e+06
1.425179419607041636e+06
3.905847702323200647e+05
-6.340467032064017840e+05
-1.164695437311834394e+04
-4.797882328678391641e+05
-6.523768969625618774e+05
-6.008985341132795438e+05
-1.097330163711998379e+06
-1.030065161502718925e+06
-9.940595205734400079e+05
6.752555787878399715e+05
-6.457574739148787921e+05
-3.681455374336000532e+05
-2.836188115763192764e+05
-4.629857173503773083e+04
1.312427628298241878e+06
-6.584104504524783697e+05
1.617320365260801977e+06
-5.118679921459187753e+05
-7.296427452006390085e+05
8.512023258726415224e+05
3.873928786739200004e+05
1.216476492595201824e+06
1.785224375828481978e+06
3.245429004697614582e+05
9.884359983104122512e+04
1.407161147064320510e+06
8.233730113536013523e+05
4.689773907148822909e+05
-2.056199237795836059e+06
-1.662453806530557573e+06
-9.731006123212778475e+05
1.166484111360019015e+05
5.201292152012821171e+05
7.951043107225608546e+05
-6.921973963161592837e+05
-1.297457419386876281e+06
-1.871911387135985715e+05
2.122199785799681675e+06
6.814010481049595401e+05
-2.715049433497595019e+05
-4.989562178764799610e+05
-9.035196792832006468e+05
1.055750703022079775e+06
6.991448807833602186e+05
1.112885312880640151e+06
-4.545299270860789693e+05
-1.046758673612797866e+06
-5.255282242355189519e+05
-1.017192371978240088e+06
5.331895346790389158e+05
-1.677167583559677470e+06
-6.964687011839906336e+04
2.569298300108803960e+05
-1.246826950819838326e+06
5.305113247743962711e+04
-3.727039188172803260e+05
-7.755392614400027378e+04
-2.284059702067204053e+05
3.432420448665589211e+05
-2.856132319641605718e+05
1.621924197171196283e+05
4.163215294464007602e+05
2.692227321036803769e+05
-1.004200043479036889e+06
1.120777230090241414e+06
-3.921516743884800235e+05
-1.072612782899201149e+06
-7.006992596992051404e+04
-1.144631639408639399e+06
-9.400284125593591016e+05
-3.912496106700801756e+05
-3.932873555968003930e+05
1.063003139604480704e+06
1.176022657269757008e+06
-3.956236851609596633e+05
-4.297277361356806941e+05
-2.465080213504004350e+05
-1.068930853765121195e+06
-5.510171459584013792e+04
-4.380520257945599733e+05
-2.586135743692807155e+05
1.408478412799986254e+05
-5.628498096947200829e+05
-4.010497173094403115e+05
1.279357707878398942e+05
2.553593475891201815e+05
1.452605702144003881e+05
4.298075262156793615e+05
-2.962206647910407046e+05
1.260302722662396554e+05
7.401700196351991326e+04
7.782831226880023314e+04
-7.433948508979203179e+05
2.499292535193607910e+05
4.181859526246401365e+05
2.000545198899196694e+05
8.506787102719966788e+04
1.056886738124799449e+05
2.136414722457600292e+05
-3.960762269695979921e+04
-3.844871815167978639e+04
6.450653429760053405e+04
1.315645410508800996e+05
6.796362750361597864e+05
-5.940163117056010378e+04
-4.628904673280106181e+03
