2.801714843750000128e+00 0.000000000000000000e+00
2.801714843750000128e+00 1.000000000000000021e-03
2.843910156250000210e+00 2.000000000000000042e-03
2.843910156250000210e+00 3.000000000000000062e-03
2.857874999999999943e+00 4.000000000000000083e-03
2.857874999999999943e+00 5.000000000000000104e-03
2.896273437500000103e+00 6.000000000000000125e-03
2.896273437500000103e+00 7.000000000000000146e-03
2.918453125000000092e+00 8.000000000000000167e-03
2.918453125000000092e+00 8.999999999999999320e-03
2.921281249999999829e+00 1.000000000000000021e-02
2.921281249999999829e+00 1.099999999999999936e-02
2.923191406249999957e+00 1.200000000000000025e-02
2.923191406249999957e+00 1.299999999999999940e-02
2.973882812499999861e+00 1.400000000000000029e-02
2.973882812499999861e+00 1.499999999999999944e-02
2.975214843749999893e+00 1.600000000000000033e-02
2.975214843749999893e+00 1.700000000000000122e-02
2.978339843750000160e+00 1.799999999999999864e-02
2.978339843750000160e+00 1.899999999999999953e-02
2.984906249999999872e+00 2.000000000000000042e-02
2.984906249999999872e+00 2.100000000000000130e-02
2.988019531249999972e+00 2.199999999999999872e-02
2.988019531249999972e+00 2.299999999999999961e-02
2.991675781250000110e+00 2.400000000000000050e-02
2.991675781250000110e+00 2.500000000000000139e-02
2.992624999999999869e+00 2.599999999999999881e-02
2.992624999999999869e+00 2.699999999999999969e-02
2.994140625000000000e+00 2.800000000000000058e-02
2.994140625000000000e+00 2.900000000000000147e-02
2.994488281250000217e+00 2.999999999999999889e-02
2.994488281250000217e+00 3.099999999999999978e-02
3.001738281250000195e+00 3.200000000000000067e-02
3.001738281250000195e+00 3.300000000000000155e-02
3.014609375000000036e+00 3.400000000000000244e-02
3.014609375000000036e+00 3.500000000000000333e-02
3.015937500000000160e+00 3.599999999999999728e-02
3.015937500000000160e+00 3.699999999999999817e-02
3.016195312499999837e+00 3.799999999999999906e-02
3.016195312499999837e+00 3.899999999999999994e-02
3.029300781249999908e+00 4.000000000000000083e-02
3.029300781249999908e+00 4.100000000000000172e-02
3.039593749999999872e+00 4.200000000000000261e-02
3.039593749999999872e+00 4.299999999999999656e-02
3.040246093749999989e+00 4.399999999999999745e-02
3.040246093749999989e+00 4.499999999999999833e-02
3.042250000000000121e+00 4.599999999999999922e-02
3.042250000000000121e+00 4.700000000000000011e-02
3.054765624999999929e+00 4.800000000000000100e-02
3.054765624999999929e+00 4.900000000000000189e-02
3.055382812499999989e+00 5.000000000000000278e-02
3.055382812499999989e+00 5.099999999999999672e-02
3.056828125000000007e+00 5.199999999999999761e-02
3.056828125000000007e+00 5.299999999999999850e-02
3.059550781250000018e+00 5.399999999999999939e-02
3.059550781250000018e+00 5.500000000000000028e-02
3.063187500000000174e+00 5.600000000000000117e-02
3.063187500000000174e+00 5.700000000000000205e-02
3.064523437500000114e+00 5.800000000000000294e-02
3.064523437500000114e+00 5.899999999999999689e-02
3.065417968749999833e+00 5.999999999999999778e-02
3.065417968749999833e+00 6.099999999999999867e-02
3.066371093749999943e+00 6.199999999999999956e-02
3.066371093749999943e+00 6.300000000000000044e-02
3.067281250000000181e+00 6.400000000000000133e-02
3.067281250000000181e+00 6.500000000000000222e-02
3.069597656250000028e+00 6.600000000000000311e-02
3.069597656250000028e+00 6.700000000000000400e-02
3.073585937499999865e+00 6.800000000000000488e-02
3.073585937499999865e+00 6.900000000000000577e-02
3.074296874999999929e+00 7.000000000000000666e-02
3.074296874999999929e+00 7.099999999999999367e-02
3.075761718749999929e+00 7.199999999999999456e-02
3.075761718749999929e+00 7.299999999999999545e-02
3.075828125000000135e+00 7.399999999999999634e-02
3.075828125000000135e+00 7.499999999999999722e-02
3.078070312499999961e+00 7.599999999999999811e-02
3.078070312499999961e+00 7.699999999999999900e-02
3.079761718749999932e+00 7.799999999999999989e-02
3.079761718749999932e+00 7.900000000000000078e-02
3.082324218750000178e+00 8.000000000000000167e-02
3.082324218750000178e+00 8.100000000000000255e-02
3.082433593749999812e+00 8.200000000000000344e-02
3.082433593749999812e+00 8.300000000000000433e-02
3.083328124999999975e+00 8.400000000000000522e-02
3.083328124999999975e+00 8.500000000000000611e-02
3.084980468749999982e+00 8.599999999999999312e-02
3.084980468749999982e+00 8.699999999999999400e-02
3.086136718750000174e+00 8.799999999999999489e-02
3.086136718750000174e+00 8.899999999999999578e-02
3.086488281249999854e+00 8.999999999999999667e-02
3.086488281249999854e+00 9.099999999999999756e-02
3.087152343750000139e+00 9.199999999999999845e-02
3.087152343750000139e+00 9.299999999999999933e-02
3.087687499999999918e+00 9.400000000000000022e-02
3.087687499999999918e+00 9.500000000000000111e-02
3.088519531249999783e+00 9.600000000000000200e-02
3.088519531249999783e+00 9.700000000000000289e-02
3.090625000000000178e+00 9.800000000000000377e-02
3.090625000000000178e+00 9.900000000000000466e-02
3.090832031250000167e+00 1.000000000000000056e-01
3.090832031250000167e+00 1.010000000000000064e-01
3.093058593749999918e+00 1.019999999999999934e-01
3.093058593749999918e+00 1.029999999999999943e-01
3.094187499999999869e+00 1.039999999999999952e-01
3.094187499999999869e+00 1.049999999999999961e-01
3.094304687500000206e+00 1.059999999999999970e-01
3.094304687500000206e+00 1.069999999999999979e-01
3.095183593749999851e+00 1.079999999999999988e-01
3.095183593749999851e+00 1.089999999999999997e-01
3.096707031249999797e+00 1.100000000000000006e-01
3.096707031249999797e+00 1.110000000000000014e-01
3.097500000000000142e+00 1.120000000000000023e-01
3.097500000000000142e+00 1.130000000000000032e-01
3.098550781250000163e+00 1.140000000000000041e-01
3.098550781250000163e+00 1.150000000000000050e-01
3.099453125000000142e+00 1.160000000000000059e-01
3.099453125000000142e+00 1.170000000000000068e-01
3.099660156250000131e+00 1.179999999999999938e-01
3.099660156250000131e+00 1.189999999999999947e-01
3.099914062499999901e+00 1.199999999999999956e-01
3.099914062499999901e+00 1.209999999999999964e-01
3.101664062499999819e+00 1.219999999999999973e-01
3.101664062499999819e+00 1.229999999999999982e-01
3.101855468750000178e+00 1.239999999999999991e-01
3.101855468750000178e+00 1.250000000000000000e-01
3.101996093749999961e+00 1.260000000000000009e-01
3.101996093749999961e+00 1.270000000000000018e-01
3.102488281249999869e+00 1.280000000000000027e-01
3.102488281249999869e+00 1.290000000000000036e-01
3.103281250000000213e+00 1.300000000000000044e-01
3.103281250000000213e+00 1.310000000000000053e-01
3.103312499999999918e+00 1.320000000000000062e-01
3.103312499999999918e+00 1.330000000000000071e-01
3.103605468750000096e+00 1.340000000000000080e-01
3.103605468750000096e+00 1.350000000000000089e-01
3.105609374999999783e+00 1.360000000000000098e-01
3.105609374999999783e+00 1.370000000000000107e-01
3.107421875000000000e+00 1.380000000000000115e-01
3.107421875000000000e+00 1.390000000000000124e-01
3.112121093749999901e+00 1.400000000000000133e-01
3.112121093749999901e+00 1.409999999999999865e-01
3.114453124999999822e+00 1.419999999999999873e-01
3.114453124999999822e+00 1.429999999999999882e-01
3.116808593750000078e+00 1.439999999999999891e-01
3.116808593750000078e+00 1.449999999999999900e-01
3.118445312500000011e+00 1.459999999999999909e-01
3.118445312500000011e+00 1.469999999999999918e-01
3.119027343750000014e+00 1.479999999999999927e-01
3.119027343750000014e+00 1.489999999999999936e-01
3.119320312500000192e+00 1.499999999999999944e-01
3.119320312500000192e+00 1.509999999999999953e-01
3.121117187499999890e+00 1.519999999999999962e-01
3.121117187499999890e+00 1.529999999999999971e-01
3.121359374999999936e+00 1.539999999999999980e-01
3.121359374999999936e+00 1.549999999999999989e-01
3.122355468749999918e+00 1.559999999999999998e-01
3.122355468749999918e+00 1.570000000000000007e-01
3.123398437500000124e+00 1.580000000000000016e-01
3.123398437500000124e+00 1.590000000000000024e-01
3.123488281250000220e+00 1.600000000000000033e-01
3.123488281250000220e+00 1.610000000000000042e-01
3.124613281249999819e+00 1.620000000000000051e-01
3.124613281249999819e+00 1.630000000000000060e-01
3.124707031249999822e+00 1.640000000000000069e-01
3.124707031249999822e+00 1.650000000000000078e-01
3.126128906249999950e+00 1.660000000000000087e-01
3.126128906249999950e+00 1.670000000000000095e-01
3.126554687500000096e+00 1.680000000000000104e-01
3.126554687500000096e+00 1.690000000000000113e-01
3.127281249999999790e+00 1.700000000000000122e-01
3.127281249999999790e+00 1.710000000000000131e-01
3.127683593750000046e+00 1.719999999999999862e-01
3.127683593750000046e+00 1.729999999999999871e-01
3.129410156250000075e+00 1.739999999999999880e-01
3.129410156250000075e+00 1.749999999999999889e-01
3.129757812499999847e+00 1.759999999999999898e-01
3.129757812499999847e+00 1.769999999999999907e-01
3.129929687499999780e+00 1.779999999999999916e-01
3.129929687499999780e+00 1.789999999999999925e-01
3.130839843750000018e+00 1.799999999999999933e-01
3.130839843750000018e+00 1.809999999999999942e-01
3.135253906250000000e+00 1.819999999999999951e-01
3.135253906250000000e+00 1.829999999999999960e-01
3.135277343749999890e+00 1.839999999999999969e-01
3.135277343749999890e+00 1.849999999999999978e-01
3.136171875000000053e+00 1.859999999999999987e-01
3.136171875000000053e+00 1.869999999999999996e-01
3.139812500000000117e+00 1.880000000000000004e-01
3.139812500000000117e+00 1.890000000000000013e-01
3.140828125000000082e+00 1.900000000000000022e-01
3.140828125000000082e+00 1.910000000000000031e-01
3.145542968750000057e+00 1.920000000000000040e-01
3.145542968750000057e+00 1.930000000000000049e-01
3.148718750000000011e+00 1.940000000000000058e-01
3.148718750000000011e+00 1.950000000000000067e-01
3.149707031250000178e+00 1.960000000000000075e-01
3.149707031250000178e+00 1.970000000000000084e-01
3.150968750000000096e+00 1.980000000000000093e-01
3.150968750000000096e+00 1.990000000000000102e-01
3.154304687499999815e+00 2.000000000000000111e-01
3.154304687499999815e+00 2.010000000000000120e-01
3.154312500000000075e+00 2.020000000000000129e-01
3.154312500000000075e+00 2.030000000000000138e-01
3.154585937499999826e+00 2.039999999999999869e-01
3.154585937499999826e+00 2.049999999999999878e-01
3.157105468750000199e+00 2.059999999999999887e-01
3.157105468750000199e+00 2.069999999999999896e-01
3.157714843750000000e+00 2.079999999999999905e-01
3.157714843750000000e+00 2.089999999999999913e-01
3.158062500000000217e+00 2.099999999999999922e-01
3.158062500000000217e+00 2.109999999999999931e-01
3.163414062499999790e+00 2.119999999999999940e-01
3.163414062499999790e+00 2.129999999999999949e-01
3.163515625000000053e+00 2.139999999999999958e-01
3.163515625000000053e+00 2.149999999999999967e-01
3.163886718750000160e+00 2.159999999999999976e-01
3.163886718750000160e+00 2.169999999999999984e-01
3.166749999999999954e+00 2.179999999999999993e-01
3.166749999999999954e+00 2.190000000000000002e-01
3.167996093749999797e+00 2.200000000000000011e-01
3.167996093749999797e+00 2.210000000000000020e-01
3.170191406249999844e+00 2.220000000000000029e-01
3.170191406249999844e+00 2.230000000000000038e-01
3.170859375000000036e+00 2.240000000000000047e-01
3.170859375000000036e+00 2.250000000000000056e-01
3.171011718749999986e+00 2.260000000000000064e-01
3.171011718749999986e+00 2.270000000000000073e-01
3.172011718749999876e+00 2.280000000000000082e-01
3.172011718749999876e+00 2.290000000000000091e-01
3.173718749999999922e+00 2.300000000000000100e-01
3.173718749999999922e+00 2.310000000000000109e-01
3.175683593750000089e+00 2.320000000000000118e-01
3.175683593750000089e+00 2.330000000000000127e-01
3.176246093750000110e+00 2.340000000000000135e-01
3.176246093750000110e+00 2.349999999999999867e-01
3.178449218749999972e+00 2.359999999999999876e-01
3.178449218749999972e+00 2.369999999999999885e-01
3.179832031250000135e+00 2.379999999999999893e-01
3.179832031250000135e+00 2.389999999999999902e-01
3.180335937500000210e+00 2.399999999999999911e-01
3.180335937500000210e+00 2.409999999999999920e-01
3.181136718749999925e+00 2.419999999999999929e-01
3.181136718749999925e+00 2.429999999999999938e-01
3.182023437499999829e+00 2.439999999999999947e-01
3.182023437499999829e+00 2.449999999999999956e-01
3.183343750000000139e+00 2.459999999999999964e-01
3.183343750000000139e+00 2.469999999999999973e-01
3.183949218750000032e+00 2.479999999999999982e-01
3.183949218750000032e+00 2.489999999999999991e-01
3.184191406250000078e+00 2.500000000000000000e-01
3.184191406250000078e+00 2.510000000000000009e-01
3.184261718750000192e+00 2.520000000000000018e-01
3.184261718750000192e+00 2.530000000000000027e-01
3.185601562500000039e+00 2.540000000000000036e-01
3.185601562500000039e+00 2.550000000000000044e-01
3.186273437500000139e+00 2.560000000000000053e-01
3.186273437500000139e+00 2.570000000000000062e-01
3.186511718749999833e+00 2.580000000000000071e-01
3.186511718749999833e+00 2.590000000000000080e-01
3.187515625000000075e+00 2.600000000000000089e-01
3.187515625000000075e+00 2.610000000000000098e-01
3.188355468750000199e+00 2.620000000000000107e-01
3.188355468750000199e+00 2.630000000000000115e-01
3.189363281249999904e+00 2.640000000000000124e-01
3.189363281249999904e+00 2.650000000000000133e-01
3.190812499999999829e+00 2.660000000000000142e-01
3.190812499999999829e+00 2.670000000000000151e-01
3.191707031249999993e+00 2.680000000000000160e-01
3.191707031249999993e+00 2.690000000000000169e-01
3.192453125000000114e+00 2.700000000000000178e-01
3.192453125000000114e+00 2.710000000000000187e-01
3.192683593749999993e+00 2.720000000000000195e-01
3.192683593749999993e+00 2.730000000000000204e-01
3.194203125000000032e+00 2.740000000000000213e-01
3.194203125000000032e+00 2.750000000000000222e-01
3.194386718750000131e+00 2.760000000000000231e-01
3.194386718750000131e+00 2.770000000000000240e-01
3.195968750000000025e+00 2.780000000000000249e-01
3.195968750000000025e+00 2.790000000000000258e-01
3.197449218750000099e+00 2.800000000000000266e-01
3.197449218750000099e+00 2.810000000000000275e-01
3.197601562500000050e+00 2.819999999999999729e-01
3.197601562500000050e+00 2.829999999999999738e-01
3.199343750000000153e+00 2.839999999999999747e-01
3.199343750000000153e+00 2.849999999999999756e-01
3.202226562499999929e+00 2.859999999999999765e-01
3.202226562499999929e+00 2.869999999999999774e-01
3.202671875000000057e+00 2.879999999999999782e-01
3.202671875000000057e+00 2.889999999999999791e-01
3.203214843750000096e+00 2.899999999999999800e-01
3.203214843750000096e+00 2.909999999999999809e-01
3.203355468749999879e+00 2.919999999999999818e-01
3.203355468749999879e+00 2.929999999999999827e-01
3.203363281250000139e+00 2.939999999999999836e-01
3.203363281250000139e+00 2.949999999999999845e-01
3.204257812499999858e+00 2.959999999999999853e-01
3.204257812499999858e+00 2.969999999999999862e-01
3.204550781250000036e+00 2.979999999999999871e-01
3.204550781250000036e+00 2.989999999999999880e-01
3.205132812500000039e+00 2.999999999999999889e-01
3.205132812500000039e+00 3.009999999999999898e-01
3.205566406250000000e+00 3.019999999999999907e-01
3.205566406250000000e+00 3.029999999999999916e-01
3.205652343750000188e+00 3.039999999999999925e-01
3.205652343750000188e+00 3.049999999999999933e-01
3.207492187500000203e+00 3.059999999999999942e-01
3.207492187500000203e+00 3.069999999999999951e-01
3.209296875000000160e+00 3.079999999999999960e-01
3.209296875000000160e+00 3.089999999999999969e-01
3.209375000000000089e+00 3.099999999999999978e-01
3.209375000000000089e+00 3.109999999999999987e-01
3.210355468749999996e+00 3.119999999999999996e-01
3.210355468749999996e+00 3.130000000000000004e-01
3.211421875000000092e+00 3.140000000000000013e-01
3.211421875000000092e+00 3.150000000000000022e-01
3.213816406249999869e+00 3.160000000000000031e-01
3.213816406249999869e+00 3.170000000000000040e-01
3.214734374999999922e+00 3.180000000000000049e-01
3.214734374999999922e+00 3.190000000000000058e-01
3.216468750000000210e+00 3.200000000000000067e-01
3.216468750000000210e+00 3.210000000000000075e-01
3.217410156250000153e+00 3.220000000000000084e-01
3.217410156250000153e+00 3.230000000000000093e-01
3.218800781250000131e+00 3.240000000000000102e-01
3.218800781250000131e+00 3.250000000000000111e-01
3.219031250000000011e+00 3.260000000000000120e-01
3.219031250000000011e+00 3.270000000000000129e-01
3.219269531250000149e+00 3.280000000000000138e-01
3.219269531250000149e+00 3.290000000000000147e-01
3.220175781250000036e+00 3.300000000000000155e-01
3.220175781250000036e+00 3.310000000000000164e-01
3.221621093750000053e+00 3.320000000000000173e-01
3.221621093750000053e+00 3.330000000000000182e-01
3.224195312500000021e+00 3.340000000000000191e-01
3.224195312500000021e+00 3.350000000000000200e-01
3.225914062499999790e+00 3.360000000000000209e-01
3.225914062499999790e+00 3.370000000000000218e-01
3.227269531250000156e+00 3.380000000000000226e-01
3.227269531250000156e+00 3.390000000000000235e-01
3.228339843750000160e+00 3.400000000000000244e-01
3.228339843750000160e+00 3.410000000000000253e-01
3.228570312500000039e+00 3.420000000000000262e-01
3.228570312500000039e+00 3.430000000000000271e-01
3.229089843750000188e+00 3.439999999999999725e-01
3.229089843750000188e+00 3.449999999999999734e-01
3.229871093749999922e+00 3.459999999999999742e-01
3.229871093749999922e+00 3.469999999999999751e-01
3.230617187500000043e+00 3.479999999999999760e-01
3.230617187500000043e+00 3.489999999999999769e-01
3.232175781250000046e+00 3.499999999999999778e-01
3.232175781250000046e+00 3.509999999999999787e-01
3.233386718749999833e+00 3.519999999999999796e-01
3.233386718749999833e+00 3.529999999999999805e-01
3.235101562500000139e+00 3.539999999999999813e-01
3.235101562500000139e+00 3.549999999999999822e-01
3.235187499999999883e+00 3.559999999999999831e-01
3.235187499999999883e+00 3.569999999999999840e-01
3.238070312500000103e+00 3.579999999999999849e-01
3.238070312500000103e+00 3.589999999999999858e-01
3.239699218750000220e+00 3.599999999999999867e-01
3.239699218750000220e+00 3.609999999999999876e-01
3.241222656250000167e+00 3.619999999999999885e-01
3.241222656250000167e+00 3.629999999999999893e-01
3.243429687499999936e+00 3.639999999999999902e-01
3.243429687499999936e+00 3.649999999999999911e-01
3.246351562500000121e+00 3.659999999999999920e-01
3.246351562500000121e+00 3.669999999999999929e-01
3.249429687500000163e+00 3.679999999999999938e-01
3.249429687500000163e+00 3.689999999999999947e-01
3.249878906250000199e+00 3.699999999999999956e-01
3.249878906250000199e+00 3.709999999999999964e-01
3.250433593749999961e+00 3.719999999999999973e-01
3.250433593749999961e+00 3.729999999999999982e-01
3.251875000000000071e+00 3.739999999999999991e-01
3.251875000000000071e+00 3.750000000000000000e-01
3.251976562499999890e+00 3.760000000000000009e-01
3.251976562499999890e+00 3.770000000000000018e-01
3.253843750000000146e+00 3.780000000000000027e-01
3.253843750000000146e+00 3.790000000000000036e-01
3.254285156249999922e+00 3.800000000000000044e-01
3.254285156249999922e+00 3.810000000000000053e-01
3.254628906249999787e+00 3.820000000000000062e-01
3.254628906249999787e+00 3.830000000000000071e-01
3.254832031249999869e+00 3.840000000000000080e-01
3.254832031249999869e+00 3.850000000000000089e-01
3.254953125000000114e+00 3.860000000000000098e-01
3.254953125000000114e+00 3.870000000000000107e-01
3.255117187499999787e+00 3.880000000000000115e-01
3.255117187499999787e+00 3.890000000000000124e-01
3.255609375000000139e+00 3.900000000000000133e-01
3.255609375000000139e+00 3.910000000000000142e-01
3.256257812499999904e+00 3.920000000000000151e-01
3.256257812499999904e+00 3.930000000000000160e-01
3.257000000000000117e+00 3.940000000000000169e-01
3.257000000000000117e+00 3.950000000000000178e-01
3.257160156249999883e+00 3.960000000000000187e-01
3.257160156249999883e+00 3.970000000000000195e-01
3.257265625000000053e+00 3.980000000000000204e-01
3.257265625000000053e+00 3.990000000000000213e-01
3.258109375000000085e+00 4.000000000000000222e-01
3.258109375000000085e+00 4.010000000000000231e-01
3.258289062499999833e+00 4.020000000000000240e-01
3.258289062499999833e+00 4.030000000000000249e-01
3.258660156249999940e+00 4.040000000000000258e-01
3.258660156249999940e+00 4.050000000000000266e-01
3.259792968749999797e+00 4.060000000000000275e-01
3.259792968749999797e+00 4.069999999999999729e-01
3.260039062500000195e+00 4.079999999999999738e-01
3.260039062500000195e+00 4.089999999999999747e-01
3.260874999999999968e+00 4.099999999999999756e-01
3.260874999999999968e+00 4.109999999999999765e-01
3.260968749999999972e+00 4.119999999999999774e-01
3.260968749999999972e+00 4.129999999999999782e-01
3.261609374999999922e+00 4.139999999999999791e-01
3.261609374999999922e+00 4.149999999999999800e-01
3.265703124999999929e+00 4.159999999999999809e-01
3.265703124999999929e+00 4.169999999999999818e-01
3.265925781249999993e+00 4.179999999999999827e-01
3.265925781249999993e+00 4.189999999999999836e-01
3.266078124999999943e+00 4.199999999999999845e-01
3.266078124999999943e+00 4.209999999999999853e-01
3.266996093749999996e+00 4.219999999999999862e-01
3.266996093749999996e+00 4.229999999999999871e-01
3.267152343749999854e+00 4.239999999999999880e-01
3.267152343749999854e+00 4.249999999999999889e-01
3.268339843750000195e+00 4.259999999999999898e-01
3.268339843750000195e+00 4.269999999999999907e-01
3.268664062500000078e+00 4.279999999999999916e-01
3.268664062500000078e+00 4.289999999999999925e-01
3.268781249999999972e+00 4.299999999999999933e-01
3.268781249999999972e+00 4.309999999999999942e-01
3.268968749999999979e+00 4.319999999999999951e-01
3.268968749999999979e+00 4.329999999999999960e-01
3.269148437500000171e+00 4.339999999999999969e-01
3.269148437500000171e+00 4.349999999999999978e-01
3.270425781250000163e+00 4.359999999999999987e-01
3.270425781250000163e+00 4.369999999999999996e-01
3.270738281249999879e+00 4.380000000000000004e-01
3.270738281249999879e+00 4.390000000000000013e-01
3.270972656250000110e+00 4.400000000000000022e-01
3.270972656250000110e+00 4.410000000000000031e-01
3.271683593750000174e+00 4.420000000000000040e-01
3.271683593750000174e+00 4.430000000000000049e-01
3.271949218750000110e+00 4.440000000000000058e-01
3.271949218750000110e+00 4.450000000000000067e-01
3.272167968749999822e+00 4.460000000000000075e-01
3.272167968749999822e+00 4.470000000000000084e-01
3.272460937500000000e+00 4.480000000000000093e-01
3.272460937500000000e+00 4.490000000000000102e-01
3.272980468750000149e+00 4.500000000000000111e-01
3.272980468750000149e+00 4.510000000000000120e-01
3.274093750000000025e+00 4.520000000000000129e-01
3.274093750000000025e+00 4.530000000000000138e-01
3.274195312499999844e+00 4.540000000000000147e-01
3.274195312499999844e+00 4.550000000000000155e-01
3.277121093749999936e+00 4.560000000000000164e-01
3.277121093749999936e+00 4.570000000000000173e-01
3.277249999999999996e+00 4.580000000000000182e-01
3.277249999999999996e+00 4.590000000000000191e-01
3.277457031249999986e+00 4.600000000000000200e-01
3.277457031249999986e+00 4.610000000000000209e-01
3.277527343750000099e+00 4.620000000000000218e-01
3.277527343750000099e+00 4.630000000000000226e-01
3.278671875000000124e+00 4.640000000000000235e-01
3.278671875000000124e+00 4.650000000000000244e-01
3.278839843750000149e+00 4.660000000000000253e-01
3.278839843750000149e+00 4.670000000000000262e-01
3.279671875000000014e+00 4.680000000000000271e-01
3.279671875000000014e+00 4.689999999999999725e-01
3.280921875000000210e+00 4.699999999999999734e-01
3.280921875000000210e+00 4.709999999999999742e-01
3.281519531249999844e+00 4.719999999999999751e-01
3.281519531249999844e+00 4.729999999999999760e-01
3.282464843750000139e+00 4.739999999999999769e-01
3.282464843750000139e+00 4.749999999999999778e-01
3.282527343749999993e+00 4.759999999999999787e-01
3.282527343749999993e+00 4.769999999999999796e-01
3.282695312500000018e+00 4.779999999999999805e-01
3.282695312500000018e+00 4.789999999999999813e-01
3.283277343750000021e+00 4.799999999999999822e-01
3.283277343750000021e+00 4.809999999999999831e-01
3.283867187499999840e+00 4.819999999999999840e-01
3.283867187499999840e+00 4.829999999999999849e-01
3.284707031249999964e+00 4.839999999999999858e-01
3.284707031249999964e+00 4.849999999999999867e-01
3.286394531250000028e+00 4.859999999999999876e-01
3.286394531250000028e+00 4.869999999999999885e-01
3.287621093749999890e+00 4.879999999999999893e-01
3.287621093749999890e+00 4.889999999999999902e-01
3.288339843750000213e+00 4.899999999999999911e-01
3.288339843750000213e+00 4.909999999999999920e-01
3.288347656250000028e+00 4.919999999999999929e-01
3.288347656250000028e+00 4.929999999999999938e-01
3.290261718750000064e+00 4.939999999999999947e-01
3.290261718750000064e+00 4.949999999999999956e-01
3.290304687499999936e+00 4.959999999999999964e-01
3.290304687499999936e+00 4.969999999999999973e-01
3.290414062500000014e+00 4.979999999999999982e-01
3.290414062500000014e+00 4.989999999999999991e-01
3.290957031250000053e+00 5.000000000000000000e-01
3.290957031250000053e+00 5.010000000000000009e-01
3.290996093750000018e+00 5.020000000000000018e-01
3.290996093750000018e+00 5.030000000000000027e-01
3.291437499999999794e+00 5.040000000000000036e-01
3.291437499999999794e+00 5.050000000000000044e-01
3.292113281249999801e+00 5.060000000000000053e-01
3.292113281249999801e+00 5.070000000000000062e-01
3.292691406249999897e+00 5.080000000000000071e-01
3.292691406249999897e+00 5.090000000000000080e-01
3.292738281250000121e+00 5.100000000000000089e-01
3.292738281250000121e+00 5.110000000000000098e-01
3.293273437499999901e+00 5.120000000000000107e-01
3.293273437499999901e+00 5.130000000000000115e-01
3.295468749999999947e+00 5.140000000000000124e-01
3.295468749999999947e+00 5.150000000000000133e-01
3.297363281250000000e+00 5.160000000000000142e-01
3.297363281250000000e+00 5.170000000000000151e-01
3.297457031250000004e+00 5.180000000000000160e-01
3.297457031250000004e+00 5.190000000000000169e-01
3.298496093749999858e+00 5.200000000000000178e-01
3.298496093749999858e+00 5.210000000000000187e-01
3.299246093749999886e+00 5.220000000000000195e-01
3.299246093749999886e+00 5.230000000000000204e-01
3.300238281249999961e+00 5.240000000000000213e-01
3.300238281249999961e+00 5.250000000000000222e-01
3.300468749999999840e+00 5.260000000000000231e-01
3.300468749999999840e+00 5.270000000000000240e-01
3.300660156250000199e+00 5.280000000000000249e-01
3.300660156250000199e+00 5.290000000000000258e-01
3.301859374999999819e+00 5.300000000000000266e-01
3.301859374999999819e+00 5.310000000000000275e-01
3.303749999999999964e+00 5.320000000000000284e-01
3.303749999999999964e+00 5.330000000000000293e-01
3.304167968749999851e+00 5.340000000000000302e-01
3.304167968749999851e+00 5.350000000000000311e-01
3.305058593750000107e+00 5.360000000000000320e-01
3.305058593750000107e+00 5.370000000000000329e-01
3.305156250000000018e+00 5.380000000000000338e-01
3.305156250000000018e+00 5.390000000000000346e-01
3.305273437499999911e+00 5.400000000000000355e-01
3.305273437499999911e+00 5.410000000000000364e-01
3.305519531249999865e+00 5.420000000000000373e-01
3.305519531249999865e+00 5.430000000000000382e-01
3.306425781250000195e+00 5.440000000000000391e-01
3.306425781250000195e+00 5.450000000000000400e-01
3.309046874999999943e+00 5.460000000000000409e-01
3.309046874999999943e+00 5.470000000000000417e-01
3.309222656249999783e+00 5.480000000000000426e-01
3.309222656249999783e+00 5.490000000000000435e-01
3.310015625000000128e+00 5.500000000000000444e-01
3.310015625000000128e+00 5.510000000000000453e-01
3.310640625000000004e+00 5.520000000000000462e-01
3.310640625000000004e+00 5.530000000000000471e-01
3.310761718749999805e+00 5.540000000000000480e-01
3.310761718749999805e+00 5.550000000000000488e-01
3.311058593749999890e+00 5.560000000000000497e-01
3.311058593749999890e+00 5.570000000000000506e-01
3.311800781250000103e+00 5.580000000000000515e-01
3.311800781250000103e+00 5.590000000000000524e-01
3.311828124999999901e+00 5.600000000000000533e-01
3.311828124999999901e+00 5.610000000000000542e-01
3.311968750000000128e+00 5.620000000000000551e-01
3.311968750000000128e+00 5.629999999999999449e-01
3.313550781250000021e+00 5.639999999999999458e-01
3.313550781250000021e+00 5.649999999999999467e-01
3.314289062499999883e+00 5.659999999999999476e-01
3.314289062499999883e+00 5.669999999999999485e-01
3.314785156250000142e+00 5.679999999999999494e-01
3.314785156250000142e+00 5.689999999999999503e-01
3.315265624999999883e+00 5.699999999999999512e-01
3.315265624999999883e+00 5.709999999999999520e-01
3.317652343749999844e+00 5.719999999999999529e-01
3.317652343749999844e+00 5.729999999999999538e-01
3.318156249999999918e+00 5.739999999999999547e-01
3.318156249999999918e+00 5.749999999999999556e-01
3.318535156249999840e+00 5.759999999999999565e-01
3.318535156249999840e+00 5.769999999999999574e-01
3.318761718749999812e+00 5.779999999999999583e-01
3.318761718749999812e+00 5.789999999999999591e-01
3.319281249999999961e+00 5.799999999999999600e-01
3.319281249999999961e+00 5.809999999999999609e-01
3.321808593750000149e+00 5.819999999999999618e-01
3.321808593750000149e+00 5.829999999999999627e-01
3.321863281250000188e+00 5.839999999999999636e-01
3.321863281250000188e+00 5.849999999999999645e-01
3.322605468749999957e+00 5.859999999999999654e-01
3.322605468749999957e+00 5.869999999999999662e-01
3.324210937500000185e+00 5.879999999999999671e-01
3.324210937500000185e+00 5.889999999999999680e-01
3.325691406249999815e+00 5.899999999999999689e-01
3.325691406249999815e+00 5.909999999999999698e-01
3.326160156249999833e+00 5.919999999999999707e-01
3.326160156249999833e+00 5.929999999999999716e-01
3.327367187500000156e+00 5.939999999999999725e-01
3.327367187500000156e+00 5.949999999999999734e-01
3.327562499999999979e+00 5.959999999999999742e-01
3.327562499999999979e+00 5.969999999999999751e-01
3.328214843750000096e+00 5.979999999999999760e-01
3.328214843750000096e+00 5.989999999999999769e-01
3.328691406249999929e+00 5.999999999999999778e-01
3.328691406249999929e+00 6.009999999999999787e-01
3.329121093749999982e+00 6.019999999999999796e-01
3.329121093749999982e+00 6.029999999999999805e-01
3.329699218750000078e+00 6.039999999999999813e-01
3.329699218750000078e+00 6.049999999999999822e-01
3.330828125000000028e+00 6.059999999999999831e-01
3.330828125000000028e+00 6.069999999999999840e-01
3.331589843749999780e+00 6.079999999999999849e-01
3.331589843749999780e+00 6.089999999999999858e-01
3.332125000000000004e+00 6.099999999999999867e-01
3.332125000000000004e+00 6.109999999999999876e-01
3.333015624999999815e+00 6.119999999999999885e-01
3.333015624999999815e+00 6.129999999999999893e-01
3.333550781250000039e+00 6.139999999999999902e-01
3.333550781250000039e+00 6.149999999999999911e-01
3.335796875000000217e+00 6.159999999999999920e-01
3.335796875000000217e+00 6.169999999999999929e-01
3.338621093750000046e+00 6.179999999999999938e-01
3.338621093750000046e+00 6.189999999999999947e-01
3.339308593750000220e+00 6.199999999999999956e-01
3.339308593750000220e+00 6.209999999999999964e-01
3.340121093750000103e+00 6.219999999999999973e-01
3.340121093750000103e+00 6.229999999999999982e-01
3.340175781250000142e+00 6.239999999999999991e-01
3.340175781250000142e+00 6.250000000000000000e-01
3.340273437500000053e+00 6.260000000000000009e-01
3.340273437500000053e+00 6.270000000000000018e-01
3.340871093750000131e+00 6.280000000000000027e-01
3.340871093750000131e+00 6.290000000000000036e-01
3.342355468750000114e+00 6.300000000000000044e-01
3.342355468750000114e+00 6.310000000000000053e-01
3.342781249999999815e+00 6.320000000000000062e-01
3.342781249999999815e+00 6.330000000000000071e-01
3.342832031249999947e+00 6.340000000000000080e-01
3.342832031249999947e+00 6.350000000000000089e-01
3.343882812499999968e+00 6.360000000000000098e-01
3.343882812499999968e+00 6.370000000000000107e-01
3.344761718750000057e+00 6.380000000000000115e-01
3.344761718750000057e+00 6.390000000000000124e-01
3.346511718749999975e+00 6.400000000000000133e-01
3.346511718749999975e+00 6.410000000000000142e-01
3.347312500000000135e+00 6.420000000000000151e-01
3.347312500000000135e+00 6.430000000000000160e-01
3.349921875000000160e+00 6.440000000000000169e-01
3.349921875000000160e+00 6.450000000000000178e-01
3.351332031250000121e+00 6.460000000000000187e-01
3.351332031250000121e+00 6.470000000000000195e-01
3.351999999999999869e+00 6.480000000000000204e-01
3.351999999999999869e+00 6.490000000000000213e-01
3.352714843749999840e+00 6.500000000000000222e-01
3.352714843749999840e+00 6.510000000000000231e-01
3.353671874999999858e+00 6.520000000000000240e-01
3.353671874999999858e+00 6.530000000000000249e-01
3.353976562500000203e+00 6.540000000000000258e-01
3.353976562500000203e+00 6.550000000000000266e-01
3.354039062500000057e+00 6.560000000000000275e-01
3.354039062500000057e+00 6.570000000000000284e-01
3.354765625000000195e+00 6.580000000000000293e-01
3.354765625000000195e+00 6.590000000000000302e-01
3.354933593750000220e+00 6.600000000000000311e-01
3.354933593750000220e+00 6.610000000000000320e-01
3.355464843750000092e+00 6.620000000000000329e-01
3.355464843750000092e+00 6.630000000000000338e-01
3.357539062499999893e+00 6.640000000000000346e-01
3.357539062499999893e+00 6.650000000000000355e-01
3.358718749999999975e+00 6.660000000000000364e-01
3.358718749999999975e+00 6.670000000000000373e-01
3.359378906249999908e+00 6.680000000000000382e-01
3.359378906249999908e+00 6.690000000000000391e-01
3.362449218750000135e+00 6.700000000000000400e-01
3.362449218750000135e+00 6.710000000000000409e-01
3.363773437499999908e+00 6.720000000000000417e-01
3.363773437499999908e+00 6.730000000000000426e-01
3.364042968750000195e+00 6.740000000000000435e-01
3.364042968750000195e+00 6.750000000000000444e-01
3.364167968749999904e+00 6.760000000000000453e-01
3.364167968749999904e+00 6.770000000000000462e-01
3.364417968750000210e+00 6.780000000000000471e-01
3.364417968750000210e+00 6.790000000000000480e-01
3.365265625000000149e+00 6.800000000000000488e-01
3.365265625000000149e+00 6.810000000000000497e-01
3.366160156249999869e+00 6.820000000000000506e-01
3.366160156249999869e+00 6.830000000000000515e-01
3.367249999999999854e+00 6.840000000000000524e-01
3.367249999999999854e+00 6.850000000000000533e-01
3.369812500000000099e+00 6.860000000000000542e-01
3.369812500000000099e+00 6.870000000000000551e-01
3.370070312500000220e+00 6.879999999999999449e-01
3.370070312500000220e+00 6.889999999999999458e-01
3.370257812499999783e+00 6.899999999999999467e-01
3.370257812499999783e+00 6.909999999999999476e-01
3.370425781249999808e+00 6.919999999999999485e-01
3.370425781249999808e+00 6.929999999999999494e-01
3.370457031249999957e+00 6.939999999999999503e-01
3.370457031249999957e+00 6.949999999999999512e-01
3.370652343749999780e+00 6.959999999999999520e-01
3.370652343749999780e+00 6.969999999999999529e-01
3.370785156250000192e+00 6.979999999999999538e-01
3.370785156250000192e+00 6.989999999999999547e-01
3.373722656250000007e+00 6.999999999999999556e-01
3.373722656250000007e+00 7.009999999999999565e-01
3.374355468750000142e+00 7.019999999999999574e-01
3.374355468750000142e+00 7.029999999999999583e-01
3.375281250000000011e+00 7.039999999999999591e-01
3.375281250000000011e+00 7.049999999999999600e-01
3.375734374999999954e+00 7.059999999999999609e-01
3.375734374999999954e+00 7.069999999999999618e-01
3.375828124999999957e+00 7.079999999999999627e-01
3.375828124999999957e+00 7.089999999999999636e-01
3.377171875000000156e+00 7.099999999999999645e-01
3.377171875000000156e+00 7.109999999999999654e-01
3.378117187500000007e+00 7.119999999999999662e-01
3.378117187500000007e+00 7.129999999999999671e-01
3.378535156249999893e+00 7.139999999999999680e-01
3.378535156249999893e+00 7.149999999999999689e-01
3.380609375000000139e+00 7.159999999999999698e-01
3.380609375000000139e+00 7.169999999999999707e-01
3.381007812500000043e+00 7.179999999999999716e-01
3.381007812500000043e+00 7.189999999999999725e-01
3.381281249999999794e+00 7.199999999999999734e-01
3.381281249999999794e+00 7.209999999999999742e-01
3.381386718749999964e+00 7.219999999999999751e-01
3.381386718749999964e+00 7.229999999999999760e-01
3.383300781250000000e+00 7.239999999999999769e-01
3.383300781250000000e+00 7.249999999999999778e-01
3.384597656249999975e+00 7.259999999999999787e-01
3.384597656249999975e+00 7.269999999999999796e-01
3.385265625000000167e+00 7.279999999999999805e-01
3.385265625000000167e+00 7.289999999999999813e-01
3.385289062500000057e+00 7.299999999999999822e-01
3.385289062500000057e+00 7.309999999999999831e-01
3.385804687499999854e+00 7.319999999999999840e-01
3.385804687499999854e+00 7.329999999999999849e-01
3.385941406250000174e+00 7.339999999999999858e-01
3.385941406250000174e+00 7.349999999999999867e-01
3.386144531249999812e+00 7.359999999999999876e-01
3.386144531249999812e+00 7.369999999999999885e-01
3.386449218750000156e+00 7.379999999999999893e-01
3.386449218750000156e+00 7.389999999999999902e-01
3.387218750000000167e+00 7.399999999999999911e-01
3.387218750000000167e+00 7.409999999999999920e-01
3.387273437500000206e+00 7.419999999999999929e-01
3.387273437500000206e+00 7.429999999999999938e-01
3.388941406249999844e+00 7.439999999999999947e-01
3.388941406249999844e+00 7.449999999999999956e-01
3.390621093750000092e+00 7.459999999999999964e-01
3.390621093750000092e+00 7.469999999999999973e-01
3.395300781250000011e+00 7.479999999999999982e-01
3.395300781250000011e+00 7.489999999999999991e-01
3.395386718750000199e+00 7.500000000000000000e-01
3.395386718750000199e+00 7.510000000000000009e-01
3.396527343749999872e+00 7.520000000000000018e-01
3.396527343749999872e+00 7.530000000000000027e-01
3.396664062500000192e+00 7.540000000000000036e-01
3.396664062500000192e+00 7.550000000000000044e-01
3.397499999999999964e+00 7.560000000000000053e-01
3.397499999999999964e+00 7.570000000000000062e-01
3.398406249999999851e+00 7.580000000000000071e-01
3.398406249999999851e+00 7.590000000000000080e-01
3.398863281250000146e+00 7.600000000000000089e-01
3.398863281250000146e+00 7.610000000000000098e-01
3.399882812500000018e+00 7.620000000000000107e-01
3.399882812500000018e+00 7.630000000000000115e-01
3.400582031249999915e+00 7.640000000000000124e-01
3.400582031249999915e+00 7.650000000000000133e-01
3.402667968749999883e+00 7.660000000000000142e-01
3.402667968749999883e+00 7.670000000000000151e-01
3.403691406250000107e+00 7.680000000000000160e-01
3.403691406250000107e+00 7.690000000000000169e-01
3.403999999999999915e+00 7.700000000000000178e-01
3.403999999999999915e+00 7.710000000000000187e-01
3.404222656249999979e+00 7.720000000000000195e-01
3.404222656249999979e+00 7.730000000000000204e-01
3.407093750000000032e+00 7.740000000000000213e-01
3.407093750000000032e+00 7.750000000000000222e-01
3.407390625000000117e+00 7.760000000000000231e-01
3.407390625000000117e+00 7.770000000000000240e-01
3.407593750000000199e+00 7.780000000000000249e-01
3.407593750000000199e+00 7.790000000000000258e-01
3.408281249999999929e+00 7.800000000000000266e-01
3.408281249999999929e+00 7.810000000000000275e-01
3.408984375000000178e+00 7.820000000000000284e-01
3.408984375000000178e+00 7.830000000000000293e-01
3.411054687500000071e+00 7.840000000000000302e-01
3.411054687500000071e+00 7.850000000000000311e-01
3.412253906250000135e+00 7.860000000000000320e-01
3.412253906250000135e+00 7.870000000000000329e-01
3.415796874999999844e+00 7.880000000000000338e-01
3.415796874999999844e+00 7.890000000000000346e-01
3.417835937500000032e+00 7.900000000000000355e-01
3.417835937500000032e+00 7.910000000000000364e-01
3.418476562499999982e+00 7.920000000000000373e-01
3.418476562499999982e+00 7.930000000000000382e-01
3.419710937500000103e+00 7.940000000000000391e-01
3.419710937500000103e+00 7.950000000000000400e-01
3.421117187500000156e+00 7.960000000000000409e-01
3.421117187500000156e+00 7.970000000000000417e-01
3.421652343749999936e+00 7.980000000000000426e-01
3.421652343749999936e+00 7.990000000000000435e-01
3.421687499999999993e+00 8.000000000000000444e-01
3.421687499999999993e+00 8.010000000000000453e-01
3.422734375000000107e+00 8.020000000000000462e-01
3.422734375000000107e+00 8.030000000000000471e-01
3.422968749999999893e+00 8.040000000000000480e-01
3.422968749999999893e+00 8.050000000000000488e-01
3.423937500000000078e+00 8.060000000000000497e-01
3.423937500000000078e+00 8.070000000000000506e-01
3.426773437500000075e+00 8.080000000000000515e-01
3.426773437500000075e+00 8.090000000000000524e-01
3.427558593750000160e+00 8.100000000000000533e-01
3.427558593750000160e+00 8.110000000000000542e-01
3.429054687499999865e+00 8.120000000000000551e-01
3.429054687499999865e+00 8.129999999999999449e-01
3.430871093749999989e+00 8.139999999999999458e-01
3.430871093749999989e+00 8.149999999999999467e-01
3.431105468750000220e+00 8.159999999999999476e-01
3.431105468750000220e+00 8.169999999999999485e-01
3.436273437500000139e+00 8.179999999999999494e-01
3.436273437500000139e+00 8.189999999999999503e-01
3.437679687500000192e+00 8.199999999999999512e-01
3.437679687500000192e+00 8.209999999999999520e-01
3.438499999999999890e+00 8.219999999999999529e-01
3.438499999999999890e+00 8.229999999999999538e-01
3.439593749999999783e+00 8.239999999999999547e-01
3.439593749999999783e+00 8.249999999999999556e-01
3.440242187499999993e+00 8.259999999999999565e-01
3.440242187499999993e+00 8.269999999999999574e-01
3.440261718749999975e+00 8.279999999999999583e-01
3.440261718749999975e+00 8.289999999999999591e-01
3.441230468750000160e+00 8.299999999999999600e-01
3.441230468750000160e+00 8.309999999999999609e-01
3.442507812500000153e+00 8.319999999999999618e-01
3.442507812500000153e+00 8.329999999999999627e-01
3.444558593750000064e+00 8.339999999999999636e-01
3.444558593750000064e+00 8.349999999999999645e-01
3.444792968749999851e+00 8.359999999999999654e-01
3.444792968749999851e+00 8.369999999999999662e-01
3.445785156249999925e+00 8.379999999999999671e-01
3.445785156249999925e+00 8.389999999999999680e-01
3.446652343749999847e+00 8.399999999999999689e-01
3.446652343749999847e+00 8.409999999999999698e-01
3.447222656250000128e+00 8.419999999999999707e-01
3.447222656250000128e+00 8.429999999999999716e-01
3.449765624999999947e+00 8.439999999999999725e-01
3.449765624999999947e+00 8.449999999999999734e-01
3.449941406249999787e+00 8.459999999999999742e-01
3.449941406249999787e+00 8.469999999999999751e-01
3.451464843750000178e+00 8.479999999999999760e-01
3.451464843750000178e+00 8.489999999999999769e-01
3.451601562500000053e+00 8.499999999999999778e-01
3.451601562500000053e+00 8.509999999999999787e-01
3.452468749999999975e+00 8.519999999999999796e-01
3.452468749999999975e+00 8.529999999999999805e-01
3.452875000000000139e+00 8.539999999999999813e-01
3.452875000000000139e+00 8.549999999999999822e-01
3.453199218750000021e+00 8.559999999999999831e-01
3.453199218750000021e+00 8.569999999999999840e-01
3.455617187500000131e+00 8.579999999999999849e-01
3.455617187500000131e+00 8.589999999999999858e-01
3.455964843749999904e+00 8.599999999999999867e-01
3.455964843749999904e+00 8.609999999999999876e-01
3.456308593750000213e+00 8.619999999999999885e-01
3.456308593750000213e+00 8.629999999999999893e-01
3.457132812499999819e+00 8.639999999999999902e-01
3.457132812499999819e+00 8.649999999999999911e-01
3.457285156250000213e+00 8.659999999999999920e-01
3.457285156250000213e+00 8.669999999999999929e-01
3.458421874999999979e+00 8.679999999999999938e-01
3.458421874999999979e+00 8.689999999999999947e-01
3.459332031250000217e+00 8.699999999999999956e-01
3.459332031250000217e+00 8.709999999999999964e-01
3.459929687499999851e+00 8.719999999999999973e-01
3.459929687499999851e+00 8.729999999999999982e-01
3.460074218749999986e+00 8.739999999999999991e-01
3.460074218749999986e+00 8.750000000000000000e-01
3.460796875000000217e+00 8.760000000000000009e-01
3.460796875000000217e+00 8.770000000000000018e-01
3.463238281250000217e+00 8.780000000000000027e-01
3.463238281250000217e+00 8.790000000000000036e-01
3.463675781250000085e+00 8.800000000000000044e-01
3.463675781250000085e+00 8.810000000000000053e-01
3.464488281249999968e+00 8.820000000000000062e-01
3.464488281249999968e+00 8.830000000000000071e-01
3.468843750000000004e+00 8.840000000000000080e-01
3.468843750000000004e+00 8.850000000000000089e-01
3.468925781249999840e+00 8.860000000000000098e-01
3.468925781249999840e+00 8.870000000000000107e-01
3.469714843749999833e+00 8.880000000000000115e-01
3.469714843749999833e+00 8.890000000000000124e-01
3.469843749999999893e+00 8.900000000000000133e-01
3.469843749999999893e+00 8.910000000000000142e-01
3.470339843750000153e+00 8.920000000000000151e-01
3.470339843750000153e+00 8.930000000000000160e-01
3.480246093749999936e+00 8.940000000000000169e-01
3.480246093749999936e+00 8.950000000000000178e-01
3.482679687500000121e+00 8.960000000000000187e-01
3.482679687500000121e+00 8.970000000000000195e-01
3.484406250000000149e+00 8.980000000000000204e-01
3.484406250000000149e+00 8.990000000000000213e-01
3.485007812500000135e+00 9.000000000000000222e-01
3.485007812500000135e+00 9.010000000000000231e-01
3.488027343749999787e+00 9.020000000000000240e-01
3.488027343749999787e+00 9.030000000000000249e-01
3.488300781249999982e+00 9.040000000000000258e-01
3.488300781249999982e+00 9.050000000000000266e-01
3.491554687499999865e+00 9.060000000000000275e-01
3.491554687499999865e+00 9.070000000000000284e-01
3.495101562499999925e+00 9.080000000000000293e-01
3.495101562499999925e+00 9.090000000000000302e-01
3.497480468750000071e+00 9.100000000000000311e-01
3.497480468750000071e+00 9.110000000000000320e-01
3.498000000000000220e+00 9.120000000000000329e-01
3.498000000000000220e+00 9.130000000000000338e-01
3.500589843749999819e+00 9.140000000000000346e-01
3.500589843749999819e+00 9.150000000000000355e-01
3.502718750000000103e+00 9.160000000000000364e-01
3.502718750000000103e+00 9.170000000000000373e-01
3.504613281250000156e+00 9.180000000000000382e-01
3.504613281250000156e+00 9.190000000000000391e-01
3.504765625000000107e+00 9.200000000000000400e-01
3.504765625000000107e+00 9.210000000000000409e-01
3.508999999999999897e+00 9.220000000000000417e-01
3.508999999999999897e+00 9.230000000000000426e-01
3.509332031250000039e+00 9.240000000000000435e-01
3.509332031250000039e+00 9.250000000000000444e-01
3.509371093750000004e+00 9.260000000000000453e-01
3.509371093750000004e+00 9.270000000000000462e-01
3.510835937500000004e+00 9.280000000000000471e-01
3.510835937500000004e+00 9.290000000000000480e-01
3.514187499999999797e+00 9.300000000000000488e-01
3.514187499999999797e+00 9.310000000000000497e-01
3.520550781249999872e+00 9.320000000000000506e-01
3.520550781249999872e+00 9.330000000000000515e-01
3.522597656249999876e+00 9.340000000000000524e-01
3.522597656249999876e+00 9.350000000000000533e-01
3.522746093749999918e+00 9.360000000000000542e-01
3.522746093749999918e+00 9.370000000000000551e-01
3.529019531249999897e+00 9.379999999999999449e-01
3.529019531249999897e+00 9.389999999999999458e-01
3.530660156250000181e+00 9.399999999999999467e-01
3.530660156250000181e+00 9.409999999999999476e-01
3.531980468750000046e+00 9.419999999999999485e-01
3.531980468750000046e+00 9.429999999999999494e-01
3.532542968750000068e+00 9.439999999999999503e-01
3.532542968750000068e+00 9.449999999999999512e-01
3.537550781250000220e+00 9.459999999999999520e-01
3.537550781250000220e+00 9.469999999999999529e-01
3.538515625000000053e+00 9.479999999999999538e-01
3.538515625000000053e+00 9.489999999999999547e-01
3.539144531249999837e+00 9.499999999999999556e-01
3.539144531249999837e+00 9.509999999999999565e-01
3.539578124999999797e+00 9.519999999999999574e-01
3.539578124999999797e+00 9.529999999999999583e-01
3.542058593750000206e+00 9.539999999999999591e-01
3.542058593750000206e+00 9.549999999999999600e-01
3.549722656250000163e+00 9.559999999999999609e-01
3.549722656250000163e+00 9.569999999999999618e-01
3.552441406249999822e+00 9.579999999999999627e-01
3.552441406249999822e+00 9.589999999999999636e-01
3.559894531249999883e+00 9.599999999999999645e-01
3.559894531249999883e+00 9.609999999999999654e-01
3.563796874999999975e+00 9.619999999999999662e-01
3.563796874999999975e+00 9.629999999999999671e-01
3.564632812500000192e+00 9.639999999999999680e-01
3.564632812500000192e+00 9.649999999999999689e-01
3.574855468750000043e+00 9.659999999999999698e-01
3.574855468750000043e+00 9.669999999999999707e-01
3.586457031250000149e+00 9.679999999999999716e-01
3.586457031250000149e+00 9.689999999999999725e-01
3.589527343749999932e+00 9.699999999999999734e-01
3.589527343749999932e+00 9.709999999999999742e-01
3.589765625000000071e+00 9.719999999999999751e-01
3.589765625000000071e+00 9.729999999999999760e-01
3.592710937500000146e+00 9.739999999999999769e-01
3.592710937500000146e+00 9.749999999999999778e-01
3.594417968750000192e+00 9.759999999999999787e-01
3.594417968750000192e+00 9.769999999999999796e-01
3.595019531250000178e+00 9.779999999999999805e-01
3.595019531250000178e+00 9.789999999999999813e-01
3.597378906249999897e+00 9.799999999999999822e-01
3.597378906249999897e+00 9.809999999999999831e-01
3.612640625000000050e+00 9.819999999999999840e-01
3.612640625000000050e+00 9.829999999999999849e-01
3.617671875000000092e+00 9.839999999999999858e-01
3.617671875000000092e+00 9.849999999999999867e-01
3.625113281249999986e+00 9.859999999999999876e-01
3.625113281249999986e+00 9.869999999999999885e-01
3.631917968749999837e+00 9.879999999999999893e-01
3.631917968749999837e+00 9.889999999999999902e-01
3.648589843749999950e+00 9.899999999999999911e-01
3.648589843749999950e+00 9.909999999999999920e-01
3.652015625000000210e+00 9.919999999999999929e-01
3.652015625000000210e+00 9.929999999999999938e-01
3.671269531250000107e+00 9.939999999999999947e-01
3.671269531250000107e+00 9.949999999999999956e-01
3.677640624999999996e+00 9.959999999999999964e-01
3.677640624999999996e+00 9.969999999999999973e-01
3.699140625000000071e+00 9.979999999999999982e-01
3.699140625000000071e+00 9.989999999999999991e-01
